01    33.600    87.295  113.759781  -49.482523   99.000   9
02   -25.200    72.746  112.762228  -49.640323   99.000   9
03   -67.200    58.197  112.046004  -49.797378   99.000   9
04     8.400    43.648  113.336019  -49.959664   99.000   9
05    58.800    43.648  114.199949  -49.957263   99.000   9
06   -25.200    14.549  112.753879  -50.281102   99.000   9
07    92.400    14.549  114.780347  -50.272562   99.000   9
08    16.800     0.000  113.484195  -50.442960   99.000   0
09   -58.800   -14.549  112.167049  -50.599719   99.000   9
10    58.800   -14.549  114.215693  -50.599722   99.000   9
11   -25.200   -43.648  112.748716  -50.925748   99.000   9
12    25.200   -43.648  113.634005  -50.925753   99.000   9
13   100.800   -58.197  114.944058  -51.066213   99.000   9
14    58.800   -72.746  114.223601  -51.238347   99.000   9
15     0.000   -87.295  113.191365  -51.404017   99.000   9
